# Created by Octave 3.8.1, Tue Apr 24 17:31:05 2018 CEST <lys@pegasus>
# name: w1
# type: matrix
# rows: 2
# columns: 3
 0.2 -0.4 0
 0.3 0.5 1


# name: w2
# type: matrix
# rows: 3
# columns: 1
 2
 -1
 5


# name: x
# type: matrix
# rows: 1
# columns: 2
 1 1


